250

0 16
1 6
2 20
3 19
4 10
5 19
6 19
7 7
8 12
9 17
10 6
11 14
12 20
13 14
14 9
15 14
16 9
17 7
18 18
19 9
20 6
21 10
22 17
23 19
24 18
25 18
26 16
27 8
28 18
29 7
30 16
31 16
32 14
33 11
34 19
35 11
36 15
37 18
38 19
39 20
40 17
41 13
42 15
43 13
44 6
45 7
46 7
47 19
48 20
49 9
50 15
51 18
52 7
53 15
54 19
55 14
56 6
57 13
58 9
59 10
60 13
61 15
62 17
63 14
64 7
65 14
66 6
67 9
68 9
69 17
70 9
71 13
72 10
73 16
74 6
75 6
76 12
77 6
78 16
79 12
80 9
81 14
82 15
83 13
84 15
85 11
86 18
87 8
88 15
89 13
90 6
91 10
92 12
93 13
94 20
95 7
96 11
97 6
98 8
99 15
100 7
101 11
102 16
103 12
104 17
105 18
106 16
107 12
108 11
109 7
110 18
111 11
112 15
113 8
114 8
115 8
116 17
117 20
118 19
119 9
120 12
121 8
122 7
123 14
124 10
125 15
126 17
127 14
128 8
129 20
130 7
131 9
132 14
133 7
134 10
135 14
136 20
137 9
138 20
139 17
140 16
141 14
142 14
143 14
144 11
145 16
146 11
147 12
148 19
149 12
150 8
151 10
152 20
153 10
154 19
155 18
156 14
157 9
158 9
159 13
160 15
161 15
162 18
163 10
164 17
165 7
166 9
167 9
168 12
169 16
170 13
171 15
172 12
173 19
174 6
175 15
176 19
177 18
178 6
179 12
180 14
181 16
182 9
183 8
184 19
185 15
186 6
187 11
188 16
189 16
190 19
191 13
192 10
193 18
194 19
195 8
196 14
197 11
198 16
199 16
200 14
201 9
202 20
203 19
204 18
205 14
206 12
207 20
208 9
209 15
210 7
211 18
212 18
213 14
214 18
215 20
216 7
217 14
218 16
219 18
220 12
221 11
222 8
223 6
224 17
225 18
226 13
227 17
228 6
229 9
230 6
231 7
232 18
233 10
234 20
235 6
236 20
237 20
238 11
239 7
240 14
241 20
242 9
243 8
244 16
245 8
246 7
247 17
248 14
249 10

0 227 9
0 136 9
0 19 12
0 216 6
0 150 7
1 11 8
1 59 12
1 48 5
2 147 11
2 106 8
2 91 6
2 185 11
2 110 12
3 90 12
3 38 11
3 79 13
4 189 4
4 163 5
4 200 8
4 171 12
5 143 4
5 42 13
5 66 7
6 202 10
6 35 5
6 87 7
6 25 11
7 240 9
7 158 9
7 133 11
8 237 12
8 59 10
8 44 11
8 90 6
8 92 11
9 94 5
9 91 9
9 133 7
10 160 9
10 199 8
10 98 7
10 233 13
10 200 11
11 55 12
11 190 7
11 103 10
11 6 13
12 64 9
12 227 11
12 126 9
13 185 8
13 156 9
13 84 3
13 149 3
13 121 8
14 30 5
14 67 10
14 45 13
14 56 9
14 118 11
15 239 3
15 173 13
15 68 7
15 29 12
15 223 5
16 91 7
16 1 7
16 144 5
16 172 6
17 189 9
17 164 10
17 117 3
17 218 13
18 197 4
18 72 5
18 186 3
19 169 4
19 151 10
19 249 13
20 165 12
20 246 9
20 88 12
21 108 7
21 100 7
21 50 4
22 41 12
22 185 4
22 162 12
22 169 12
22 143 11
23 100 8
23 140 4
23 143 5
23 168 7
23 51 13
24 50 6
24 125 9
24 246 8
25 59 11
25 108 6
26 220 9
26 34 6
26 28 5
26 161 5
27 130 6
27 156 4
27 117 8
27 229 13
28 195 11
28 215 9
28 93 5
29 134 8
29 218 8
30 170 5
30 58 6
30 29 4
30 181 5
31 11 13
31 171 3
31 76 11
31 117 4
31 72 6
32 204 13
32 235 12
32 46 4
32 65 12
33 137 7
33 12 4
33 240 8
33 39 4
33 127 8
34 212 10
34 165 8
34 32 11
34 116 4
35 75 6
35 94 12
35 204 9
36 192 10
36 230 6
36 227 8
37 202 12
37 194 10
37 165 7
38 71 12
38 135 6
38 24 10
38 23 4
39 212 8
39 137 6
39 247 4
40 107 13
40 177 11
40 3 11
40 28 11
41 130 13
41 25 6
41 135 13
41 85 13
42 4 5
42 191 12
43 33 7
43 48 7
43 146 6
43 163 3
44 58 9
44 115 11
44 145 9
44 159 12
45 65 4
45 222 9
45 187 13
45 90 13
46 222 5
46 53 13
46 223 5
47 198 6
47 196 9
47 133 3
47 53 13
47 97 13
48 137 10
48 139 4
48 30 4
49 116 4
49 80 12
49 51 8
50 20 5
50 249 9
51 43 10
51 62 6
52 232 13
52 208 10
52 135 11
53 206 11
53 175 8
54 56 5
54 158 4
54 111 8
54 50 7
55 117 5
55 95 8
55 230 3
55 60 8
56 9 10
57 243 12
57 7 11
57 13 9
57 10 6
58 147 11
58 91 4
59 96 4
59 162 8
60 78 7
60 2 12
60 92 12
61 161 5
61 203 6
61 36 11
61 53 12
62 161 6
62 116 11
62 109 4
63 143 8
63 187 7
63 119 12
63 6 11
63 42 6
64 178 3
64 108 12
64 86 7
64 149 6
65 75 13
65 154 5
65 192 4
66 117 12
66 76 3
66 19 7
67 164 6
67 185 10
67 145 13
67 235 6
68 117 5
68 134 9
69 180 5
69 173 8
69 65 9
69 157 5
70 17 11
70 241 13
70 47 13
71 79 9
71 155 8
71 84 13
71 227 10
72 144 13
72 92 5
73 245 6
73 221 6
73 226 13
73 209 4
73 87 12
74 209 6
74 85 7
74 1 11
74 63 10
75 174 13
75 218 11
76 205 9
77 8 8
77 3 3
77 249 6
77 72 10
77 155 9
78 205 3
78 238 11
79 247 7
79 109 7
79 189 12
80 219 9
80 111 13
80 211 12
80 142 4
81 32 7
81 100 5
81 165 3
81 213 12
82 142 10
82 38 4
82 248 4
82 204 4
82 52 11
83 182 13
83 134 11
83 94 4
84 105 8
85 31 6
85 21 4
85 206 13
86 187 5
86 191 7
87 4 12
87 94 10
87 132 8
88 247 10
88 170 3
89 24 8
89 175 10
89 73 12
90 106 4
92 137 5
93 57 4
93 196 8
93 26 3
93 162 10
95 114 6
95 89 13
96 140 3
96 247 6
96 230 8
97 20 9
97 14 4
98 130 12
98 181 6
99 147 11
99 149 5
99 24 8
99 68 10
99 246 4
100 216 4
100 232 4
101 190 12
101 15 8
101 130 9
101 230 12
102 158 9
102 83 7
102 128 13
102 233 10
102 39 12
103 129 3
103 221 12
103 242 5
103 51 3
104 3 13
104 148 9
104 168 9
104 145 8
104 133 9
105 156 8
105 185 8
105 97 13
106 123 7
107 175 12
107 140 9
107 202 4
107 186 11
109 173 3
110 79 12
110 21 10
110 221 8
110 69 8
111 49 3
111 185 6
111 225 7
112 159 3
112 196 12
112 39 13
112 165 3
112 143 11
113 60 3
113 40 4
113 126 11
114 70 3
114 68 9
115 230 10
115 142 7
116 88 8
116 114 4
118 186 10
118 232 8
119 69 12
119 48 5
119 146 13
119 245 13
120 44 13
120 216 6
120 149 3
120 215 9
120 212 7
121 206 12
121 166 12
122 145 6
122 144 13
122 211 12
122 9 7
122 1 6
123 204 5
123 154 11
123 118 13
124 177 6
124 145 4
124 233 6
124 129 8
125 98 3
125 121 4
125 190 9
125 168 10
126 123 11
126 187 6
127 141 6
127 142 10
127 244 13
127 195 6
128 223 6
128 168 12
129 148 7
131 246 9
131 189 7
131 197 6
131 154 9
132 161 11
132 56 6
133 134 10
135 247 13
136 37 3
136 142 5
136 201 6
136 81 11
137 233 12
138 111 3
138 89 3
138 120 7
138 62 8
139 118 4
139 220 7
139 88 11
141 158 12
141 238 9
141 171 6
144 207 8
144 118 3
146 226 3
146 230 13
147 71 8
147 12 4
148 121 7
148 101 7
148 109 5
150 28 7
150 187 12
150 171 13
151 243 8
151 233 12
151 56 8
151 107 11
152 96 11
152 201 10
152 64 3
152 103 11
152 40 6
153 76 4
153 150 3
153 158 10
153 183 5
155 26 3
156 215 11
156 82 11
157 138 12
157 16 12
157 93 13
157 58 11
159 129 8
159 61 4
159 60 4
160 136 11
160 138 4
163 45 8
164 5 5
164 91 8
164 149 5
166 186 13
166 173 10
166 207 12
167 184 3
167 88 4
167 129 10
168 108 8
169 131 9
170 76 11
170 247 10
172 101 5
172 207 5
172 105 8
173 110 8
174 198 13
174 207 6
175 153 10
176 83 5
176 169 10
176 131 4
176 51 7
177 213 11
177 106 8
178 80 4
178 143 3
178 56 10
179 203 7
179 41 7
179 231 7
179 194 6
179 233 4
180 176 11
180 186 5
180 34 12
180 91 13
181 130 12
181 219 11
181 168 7
182 135 9
182 228 13
183 146 7
183 126 10
184 171 6
184 244 10
184 173 7
188 145 11
188 160 11
188 217 11
189 74 5
190 179 13
191 186 5
191 239 6
191 52 8
192 151 13
192 81 3
193 12 10
193 27 7
193 129 12
193 184 10
194 198 5
194 141 3
195 68 11
195 36 12
195 139 6
196 243 3
197 0 13
197 235 7
198 239 3
199 221 5
199 54 12
199 163 5
199 198 6
200 84 8
201 49 10
202 191 8
202 204 11
203 98 7
205 5 3
205 240 12
208 209 9
208 171 10
209 83 4
210 116 12
210 121 5
210 144 4
210 196 10
211 216 7
211 246 9
211 180 8
213 90 13
213 119 13
213 222 8
214 58 6
214 217 10
214 84 8
214 244 11
215 234 13
216 122 5
217 62 3
217 194 12
218 239 12
218 54 3
219 20 6
219 244 6
220 206 13
221 227 4
222 115 13
222 239 9
223 218 8
224 177 8
224 222 11
224 189 4
224 123 4
224 46 3
225 183 12
225 96 11
226 229 8
226 216 13
228 175 12
228 202 13
229 234 6
231 85 8
231 49 9
232 235 13
234 167 10
234 235 3
236 187 5
236 141 9
236 167 12
236 232 13
236 92 8
237 150 13
237 84 9
237 109 4
238 57 12
238 182 9
238 241 10
241 175 11
242 152 13
242 134 11
242 112 10
242 213 9
243 199 13
243 130 5
245 94 7
248 220 7
248 240 9