100

0 7
1 11
2 9
3 20
4 20
5 19
6 14
7 14
8 20
9 19
10 12
11 8
12 15
13 10
14 20
15 6
16 14
17 17
18 18
19 17
20 14
21 19
22 16
23 19
24 11
25 13
26 13
27 14
28 7
29 8
30 7
31 14
32 14
33 14
34 10
35 20
36 6
37 16
38 17
39 6
40 12
41 13
42 13
43 17
44 17
45 18
46 17
47 17
48 7
49 9
50 6
51 14
52 17
53 8
54 20
55 9
56 18
57 10
58 9
59 7
60 13
61 10
62 19
63 10
64 15
65 20
66 12
67 9
68 18
69 9
70 13
71 20
72 16
73 17
74 10
75 6
76 15
77 6
78 15
79 13
80 20
81 16
82 11
83 17
84 14
85 10
86 17
87 14
88 12
89 18
90 9
91 6
92 7
93 13
94 17
95 13
96 20
97 18
98 9
99 13

0 76 6
0 95 6
0 37 7
0 67 11
1 39 8
1 13 11
1 9 13
1 54 4
2 62 6
2 82 10
2 61 5
3 46 7
3 6 4
3 55 8
3 38 9
3 71 8
4 19 3
4 93 11
4 43 3
4 3 7
5 51 10
5 27 11
5 65 4
6 77 12
6 45 6
6 4 5
7 24 4
7 2 10
7 60 11
7 31 13
7 40 8
8 83 13
8 51 5
8 27 12
8 46 6
9 77 10
9 34 8
10 95 7
10 36 11
10 17 12
11 84 5
11 50 4
11 19 10
12 7 6
12 50 12
12 97 13
12 70 13
12 96 11
13 14 12
13 15 5
13 50 13
13 25 7
14 47 4
14 76 13
15 88 3
15 78 8
15 25 6
15 95 10
16 89 10
16 64 10
16 70 3
17 46 5
17 37 11
18 43 9
18 86 8
18 29 13
19 33 3
19 12 12
20 63 7
20 51 13
20 43 13
20 84 12
21 98 13
21 0 7
21 97 13
21 59 11
22 67 10
22 66 12
22 99 13
22 56 13
22 64 11
23 11 7
23 60 10
23 38 12
24 16 13
24 62 6
24 20 6
25 38 4
25 48 9
26 60 7
26 42 9
26 31 5
26 38 12
27 87 5
28 81 4
28 16 13
28 65 8
28 80 7
28 37 4
29 77 4
29 40 7
30 84 6
30 11 10
30 31 12
30 15 7
31 53 7
31 29 4
32 54 10
32 60 9
32 91 4
32 49 4
33 20 3
33 57 10
34 30 4
34 93 7
35 81 9
35 52 3
35 78 6
36 85 11
36 40 7
36 31 6
36 19 9
39 41 3
39 22 11
39 59 3
40 95 7
40 26 12
41 63 4
41 67 9
41 48 5
41 70 6
42 67 5
42 11 8
44 37 7
44 94 13
44 27 10
45 16 7
45 40 6
45 66 9
45 32 3
46 86 5
47 62 3
47 96 4
47 92 7
48 27 10
49 45 9
49 10 7
49 21 13
51 1 3
52 72 7
52 48 4
52 14 11
52 82 10
53 57 4
53 41 4
53 8 11
54 24 7
54 55 7
54 85 5
55 26 10
55 71 12
56 36 7
56 77 9
56 53 5
56 64 13
57 2 11
58 18 10
58 89 6
58 74 4
58 14 3
59 79 7
59 33 3
60 59 11
61 67 7
61 27 5
61 86 6
62 21 9
62 95 12
63 87 5
64 55 5
64 94 6
65 63 9
65 52 10
66 49 4
68 79 9
68 1 10
68 98 3
68 24 9
68 74 6
69 32 5
69 94 5
69 90 8
70 83 5
70 37 4
71 90 9
72 29 10
72 9 5
72 2 4
72 83 3
73 29 7
73 43 5
73 96 5
73 14 11
74 49 12
75 80 10
75 9 12
75 65 6
75 10 3
75 30 6
76 50 3
76 37 10
76 56 7
77 76 8
78 68 6
78 50 3
78 62 3
79 47 11
79 23 13
79 73 3
80 6 9
81 79 11
81 6 4
82 84 11
85 88 13
85 51 10
86 51 6
86 89 7
87 74 11
88 83 4
88 80 13
88 82 12
89 77 9
90 65 13
90 73 8
90 25 12
91 59 3
91 87 5
91 78 8
92 17 5
92 93 7
96 89 11
97 89 8
97 4 8
98 42 4
98 91 6
99 13 12
99 50 3
99 72 9