50

0 8
1 19
2 7
3 11
4 9
5 13
6 19
7 10
8 15
9 19
10 6
11 20
12 16
13 7
14 14
15 11
16 18
17 12
18 11
19 12
20 16
21 12
22 16
23 14
24 14
25 10
26 19
27 8
28 20
29 13
30 19
31 6
32 9
33 14
34 12
35 12
36 13
37 17
38 8
39 15
40 19
41 9
42 17
43 13
44 7
45 9
46 16
47 13
48 19
49 13

0 19 6
0 18 3
0 16 9
1 11 12
1 9 5
1 33 12
2 31 7
2 23 12
2 15 4
2 38 4
2 36 7
3 18 8
3 14 12
3 34 4
3 7 10
4 43 4
4 32 3
4 27 6
4 21 11
5 6 10
5 29 7
5 41 10
5 28 13
5 16 9
6 19 6
6 35 12
6 7 12
6 31 11
7 16 10
7 22 6
8 10 8
8 19 8
8 35 9
8 31 4
9 31 12
9 46 6
10 29 3
10 38 9
11 41 7
11 44 11
12 8 7
12 23 11
12 15 3
13 33 7
13 30 5
13 48 8
13 45 10
14 12 13
14 0 6
14 26 12
14 17 6
15 47 9
16 27 12
16 14 5
17 24 3
17 42 11
18 25 9
19 26 5
19 15 11
20 42 12
20 48 12
20 6 4
20 16 13
21 12 10
21 31 13
21 47 8
21 43 3
22 30 9
22 25 13
22 48 7
22 19 9
23 27 13
23 30 4
24 49 10
24 5 8
24 1 6
25 2 7
26 37 6
26 30 8
26 43 3
27 7 3
28 32 4
28 7 6
28 11 8
28 24 11
29 38 7
29 45 4
30 39 4
32 24 13
32 31 5
32 40 9
33 10 11
33 17 6
34 23 7
34 12 9
34 21 6
35 49 11
36 27 7
36 3 11
36 39 7
36 37 8
37 27 3
38 46 11
38 8 6
39 47 11
40 26 4
40 18 8
40 36 7
40 42 11
41 20 10
42 3 12
42 35 12
44 0 4
44 18 10
44 13 12
45 32 12
46 30 13
46 25 10
49 18 3
49 11 8
49 25 8